	글로벌 주식	미국 주식	미국 성장주	미국 가치주	미국 중형주	미국소형주	미국외 선진국 주식	신흥국 주식	한국 주식	호주 주식	글로벌 채권	미국 채권	미국 채권 3개월	미국 채권 2년	미국 채권 5년	미국 채권 10년	미국 물가채	미국 투자등급 회사채	미국 하이일드 회사채	미국외 글로벌채권	신흥국 달러채권	한국종합채권	한국국고채3개월	한국국고채3년	한국국고채10년	원자재	금	미국 리츠	미국외 리츠	글로벌 인프라
글로벌 주식	1.0000	0.9437	0.8957	0.8948	0.9227	0.8223	0.9495	0.7300	0.3554	0.6555	0.1758	0.1217	0.0852	0.0556	0.0105	-0.0432	0.1633	0.2887	0.6077	0.1068	0.4964	-0.0087	-0.1627	-0.2256	-0.1528	0.4759	0.0675	0.6209	0.7827	0.8157
미국 주식	0.9437	1.0000	0.9449	0.9424	0.9276	0.8401	0.8092	0.5250	0.1861	0.4759	0.2558	0.2459	0.2221	0.1942	0.1450	0.0792	0.2693	0.3681	0.6378	0.2465	0.5003	0.0352	-0.1717	-0.1918	-0.1418	0.3987	0.0464	0.6373	0.6595	0.7253
미국 성장주	0.8957	0.9449	1.0000	0.7839	0.8706	0.7794	0.7459	0.5260	0.2166	0.4549	0.2404	0.2334	0.1841	0.1616	0.1319	0.0874	0.2714	0.3608	0.6078	0.2197	0.4744	0.0859	-0.1455	-0.1530	-0.0985	0.3436	0.0659	0.5630	0.5726	0.6157
미국 가치주	0.8948	0.9424	0.7839	1.0000	0.8996	0.8301	0.7978	0.4826	0.1530	0.4674	0.2364	0.2205	0.2216	0.1907	0.1275	0.0500	0.2290	0.3322	0.6049	0.2338	0.4759	-0.0150	-0.1714	-0.2066	-0.1635	0.4227	0.0209	0.6561	0.6956	0.7687
미국 중형주	0.9227	0.9276	0.8706	0.8996	1.0000	0.9344	0.8343	0.6043	0.3235	0.5765	0.1299	0.1177	0.0837	0.0499	-0.0004	-0.0500	0.1569	0.2810	0.6327	0.1122	0.4627	0.0462	-0.1704	-0.1634	-0.0867	0.4375	0.0143	0.7140	0.7275	0.7535
미국소형주	0.8223	0.8401	0.7794	0.8301	0.9344	1.0000	0.7346	0.5288	0.3278	0.5138	0.0481	0.0476	0.0412	0.0073	-0.0526	-0.1121	0.0649	0.1763	0.5277	0.0528	0.3399	-0.0053	-0.1422	-0.1300	-0.0835	0.3724	-0.0663	0.6714	0.6254	0.6306
미국외 선진국 주식	0.9495	0.8092	0.7459	0.7978	0.8343	0.7346	1.0000	0.7659	0.4281	0.7178	0.1219	0.0316	-0.0133	-0.0389	-0.0749	-0.1166	0.0762	0.2130	0.5330	0.0030	0.4505	-0.0328	-0.1341	-0.2213	-0.1455	0.4972	0.0659	0.5573	0.8388	0.8382
신흥국 주식	0.7300	0.5250	0.5260	0.4826	0.6043	0.5288	0.7659	1.0000	0.6430	0.7609	-0.1184	-0.1947	-0.2382	-0.2647	-0.2909	-0.2990	-0.1316	-0.0114	0.3089	-0.2296	0.3025	-0.1088	-0.1039	-0.2236	-0.1265	0.4090	0.1028	0.3749	0.6485	0.6173
한국 주식	0.3554	0.1861	0.2166	0.1530	0.3235	0.3278	0.4281	0.6430	1.0000	0.6178	-0.6225	-0.6899	-0.7646	-0.7717	-0.7401	-0.6433	-0.6128	-0.5353	-0.1990	-0.7244	-0.2819	-0.0709	-0.1072	0.0880	0.1718	0.0775	-0.2623	0.2838	0.3820	0.2566
호주 주식	0.6555	0.4759	0.4549	0.4674	0.5765	0.5138	0.7178	0.7609	0.6178	1.0000	-0.2056	-0.3391	-0.4133	-0.4308	-0.4275	-0.3812	-0.2277	-0.1427	0.1640	-0.3845	0.1445	-0.0641	-0.0955	-0.0993	0.0173	0.4053	0.0366	0.4505	0.7011	0.6286
글로벌 채권	0.1758	0.2558	0.2404	0.2364	0.1299	0.0481	0.1219	-0.1184	-0.6225	-0.2056	1.0000	0.9444	0.8398	0.8788	0.9269	0.8996	0.9070	0.9089	0.6012	0.9089	0.7546	0.3821	0.1490	-0.0447	-0.0503	0.1463	0.5621	0.0502	0.1357	0.2602
미국 채권	0.1217	0.2459	0.2334	0.2205	0.1177	0.0476	0.0316	-0.1947	-0.6899	-0.3391	0.9444	1.0000	0.9273	0.9544	0.9787	0.9298	0.9394	0.9427	0.6367	0.9752	0.7571	0.3400	0.1159	-0.0912	-0.1030	0.0935	0.4665	0.0363	0.0341	0.1714
미국 채권 3개월	0.0852	0.2221	0.1841	0.2216	0.0837	0.0412	-0.0133	-0.2382	-0.7646	-0.4133	0.8398	0.9273	1.0000	0.9912	0.9275	0.7755	0.8584	0.8157	0.6042	0.9623	0.6472	0.0879	0.0776	-0.2622	-0.3191	0.1807	0.4041	-0.0584	-0.0762	0.0962
미국 채권 2년	0.0556	0.1942	0.1616	0.1907	0.0499	0.0073	-0.0389	-0.2647	-0.7717	-0.4308	0.8788	0.9544	0.9912	1.0000	0.9640	0.8327	0.8865	0.8398	0.5829	0.9735	0.6521	0.1576	0.1071	-0.1972	-0.2598	0.1433	0.4301	-0.0718	-0.0893	0.0772
미국 채권 5년	0.0105	0.1450	0.1319	0.1275	-0.0004	-0.0526	-0.0749	-0.2909	-0.7401	-0.4275	0.9269	0.9787	0.9275	0.9640	1.0000	0.9412	0.9244	0.8755	0.5252	0.9626	0.6658	0.3088	0.1436	-0.0734	-0.1108	0.0508	0.4717	-0.0610	-0.0805	0.0644
미국 채권 10년	-0.0432	0.0792	0.0874	0.0500	-0.0500	-0.1121	-0.1166	-0.2990	-0.6433	-0.3812	0.8996	0.9298	0.7755	0.8327	0.9412	1.0000	0.8878	0.8583	0.4157	0.8735	0.6368	0.4566	0.1715	0.0680	0.0876	-0.0745	0.4585	-0.0176	-0.0548	0.0544
미국 물가채	0.1633	0.2693	0.2714	0.2290	0.1569	0.0649	0.0762	-0.1316	-0.6128	-0.2277	0.9070	0.9394	0.8584	0.8865	0.9244	0.8878	1.0000	0.9036	0.6677	0.9097	0.7850	0.2915	0.0733	-0.1456	-0.1293	0.1950	0.5363	0.0798	0.0978	0.2280
미국 투자등급 회사채	0.2887	0.3681	0.3608	0.3322	0.2810	0.1763	0.2130	-0.0114	-0.5353	-0.1427	0.9089	0.9427	0.8157	0.8398	0.8755	0.8583	0.9036	1.0000	0.7582	0.9004	0.8567	0.3910	0.0782	-0.0776	-0.0455	0.1601	0.4575	0.1707	0.2357	0.3488
미국 하이일드 회사채	0.6077	0.6378	0.6078	0.6049	0.6327	0.5277	0.5330	0.3089	-0.1990	0.1640	0.6012	0.6367	0.6042	0.5829	0.5252	0.4157	0.6677	0.7582	1.0000	0.6272	0.8426	0.1877	-0.0690	-0.2288	-0.1800	0.4301	0.3017	0.4610	0.5088	0.5711
미국외 글로벌채권	0.1068	0.2465	0.2197	0.2338	0.1122	0.0528	0.0030	-0.2296	-0.7244	-0.3845	0.9089	0.9752	0.9623	0.9735	0.9626	0.8735	0.9097	0.9004	0.6272	1.0000	0.7104	0.2681	0.1006	-0.1301	-0.1625	0.1038	0.4329	0.0144	-0.0010	0.1476
신흥국 달러채권	0.4964	0.5003	0.4744	0.4759	0.4627	0.3399	0.4505	0.3025	-0.2819	0.1445	0.7546	0.7571	0.6472	0.6521	0.6658	0.6368	0.7850	0.8567	0.8426	0.7104	1.0000	0.2774	0.0346	-0.2179	-0.1003	0.3231	0.4810	0.3412	0.4686	0.5242
한국종합채권	-0.0087	0.0352	0.0859	-0.0150	0.0462	-0.0053	-0.0328	-0.1088	-0.0709	-0.0641	0.3821	0.3400	0.0879	0.1576	0.3088	0.4566	0.2915	0.3910	0.1877	0.2681	0.2774	1.0000	0.2730	0.7527	0.8041	-0.2234	0.2005	0.2344	0.1396	0.0573
한국국고채3개월	-0.1627	-0.1717	-0.1455	-0.1714	-0.1704	-0.1422	-0.1341	-0.1039	-0.1072	-0.0955	0.1490	0.1159	0.0776	0.1071	0.1436	0.1715	0.0733	0.0782	-0.0690	0.1006	0.0346	0.2730	1.0000	0.3795	0.2314	-0.1442	0.1395	-0.1230	-0.1324	-0.0858
한국국고채3년	-0.2256	-0.1918	-0.1530	-0.2066	-0.1634	-0.1300	-0.2213	-0.2236	0.0880	-0.0993	-0.0447	-0.0912	-0.2622	-0.1972	-0.0734	0.0680	-0.1456	-0.0776	-0.2288	-0.1301	-0.2179	0.7527	0.3795	1.0000	0.8819	-0.3887	-0.0605	0.0411	-0.1020	-0.1975
한국국고채10년	-0.1528	-0.1418	-0.0985	-0.1635	-0.0867	-0.0835	-0.1455	-0.1265	0.1718	0.0173	-0.0503	-0.1030	-0.3191	-0.2598	-0.1108	0.0876	-0.1293	-0.0455	-0.1800	-0.1625	-0.1003	0.8041	0.2314	0.8819	1.0000	-0.3685	-0.0368	0.2080	0.0365	-0.1025
원자재	0.4759	0.3987	0.3436	0.4227	0.4375	0.3724	0.4972	0.4090	0.0775	0.4053	0.1463	0.0935	0.1807	0.1433	0.0508	-0.0745	0.1950	0.1601	0.4301	0.1038	0.3231	-0.2234	-0.1442	-0.3887	-0.3685	1.0000	0.2359	0.1789	0.3760	0.4974
금	0.0675	0.0464	0.0659	0.0209	0.0143	-0.0663	0.0659	0.1028	-0.2623	0.0366	0.5621	0.4665	0.4041	0.4301	0.4717	0.4585	0.5363	0.4575	0.3017	0.4329	0.4810	0.2005	0.1395	-0.0605	-0.0368	0.2359	1.0000	-0.0203	0.0927	0.1439
미국 리츠	0.6209	0.6373	0.5630	0.6561	0.7140	0.6714	0.5573	0.3749	0.2838	0.4505	0.0502	0.0363	-0.0584	-0.0718	-0.0610	-0.0176	0.0798	0.1707	0.4610	0.0144	0.3412	0.2344	-0.1230	0.0411	0.2080	0.1789	-0.0203	1.0000	0.7027	0.6007
미국외 리츠	0.7827	0.6595	0.5726	0.6956	0.7275	0.6254	0.8388	0.6485	0.3820	0.7011	0.1357	0.0341	-0.0762	-0.0893	-0.0805	-0.0548	0.0978	0.2357	0.5088	-0.0010	0.4686	0.1396	-0.1324	-0.1020	0.0365	0.3760	0.0927	0.7027	1.0000	0.8330
글로벌 인프라	0.8157	0.7253	0.6157	0.7687	0.7535	0.6306	0.8382	0.6173	0.2566	0.6286	0.2602	0.1714	0.0962	0.0772	0.0644	0.0544	0.2280	0.3488	0.5711	0.1476	0.5242	0.0573	-0.0858	-0.1975	-0.1025	0.4974	0.1439	0.6007	0.8330	1.0000
